Preprocess:  0.00128785s
Generation:  0.000129349s
Make engine: 0.0230423s
Homotopy:    0.00454013s
Tracking:    0.0201791s
Postprocess: 0.000644031s
I/O:         0s
Total paths: 20
Solutions:   0
Extraneous:  0
Divergent:   0
Failed:      0
Total steps: 1423
Total preds: 1423
Total corrs: 418
